1 35030
2 43048
3 50095
4 55541
5 58131
6 54392
7 52360
8 51000
9 52768
10 53162
11 49171
12 46219
13 44498
14 43515
15 43424
16 41542
17 38948
18 38109
19 38107
20 37733
21 36186
22 34013
23 33331
24 31768
25 32122
26 30828
27 29430
28 28095
29 28461
30 27900
31 26184
32 25552
33 24628
34 23327
35 22247
36 21161
37 21289
38 21779
39 19740
40 20080
41 18671
42 18197
43 17214
44 17084
45 16503
46 16503
47 15319
48 15164
49 14913
50 14577
51 13785
52 13015
53 13091
54 12643
55 12871
56 12486
57 11862
58 11584
59 10852
60 11075
61 10151
62 10286
63 9649
64 10074
65 9188
66 8976
67 9086
68 8233
69 8667
70 7642
71 7981
72 7845
73 7651
74 6912
75 7201
76 7060
77 6879
78 6364
79 5969
80 6413
81 6342
82 6052
83 5910
84 5984
85 6321
86 5709
87 5426
88 5792
89 5447
90 5575
91 5180
92 4744
93 5292
94 4806
95 4634
96 4537
97 4318
98 4247
99 4186
100 4008
101 3784
102 3663
103 3741
104 3901
105 4075
106 3884
107 3462
108 3716
109 3248
110 3719
111 3419
112 3078
113 3681
114 2992
115 3371
116 3136
117 3224
118 3345
119 2942
120 2694
121 3073
122 2523
123 3176
124 2804
125 2704
126 2807
127 2681
128 2623
129 2749
130 2526
131 3138
132 2577
133 2612
134 2185
135 2189
136 2326
137 2275
138 2315
139 2109
140 1849
141 1892
142 2010
143 2216
144 2063
145 2179
146 2048
147 1996
148 1864
149 1781
150 1741
151 2130
152 2026
153 2052
154 1968
155 1683
156 1743
157 1693
158 2008
159 1880
160 1631
161 1857
162 1595
163 1599
164 1517
165 1933
166 1565
167 1781
168 1730
169 1393
170 1383
171 1544
172 1686
173 1686
174 1263
175 1365
176 1446
177 1458
178 1418
179 1442
180 1295
181 1307
182 1388
183 1323
184 1212
185 1418
186 1171
187 1492
188 1481
189 1248
190 1490
191 1348
192 1175
193 1326
194 1239
195 1087
196 1135
197 1030
198 1266
199 1275
200 1047
201 1082
202 1149
203 1089
204 1114
205 928
206 1112
207 997
208 1042
209 975
210 969
211 953
212 955
213 1120
214 1078
215 934
216 911
217 1033
218 1358
219 906
220 900
221 853
222 891
223 1139
224 843
225 1084
226 879
227 976
228 1000
229 959
230 808
231 792
232 787
233 885
234 1083
235 999
236 780
237 775
238 824
239 776
240 948
241 745
242 870
243 802
244 788
245 749
246 730
247 812
248 743
249 747
250 720
251 679
252 712
253 682
254 740
255 738
256 923
257 664
258 726
259 650
260 697
261 670
262 658
263 661
264 610
265 679
266 700
267 627
268 608
269 631
270 619
271 668
272 612
273 569
274 697
275 830
276 632
277 605
278 912
279 787
280 599
281 725
282 681
283 606
284 591
285 684
286 579
287 557
288 535
289 610
290 541
291 579
292 568
293 834
294 595
295 517
296 555
297 514
298 517
299 523
300 773
301 548
302 541
303 524
304 503
305 449
306 513
307 478
308 541
309 490
310 542
311 539
312 512
313 489
314 495
315 465
316 798
317 468
318 496
319 468
320 491
321 488
322 556
323 459
324 455
325 410
326 466
327 473
328 453
329 502
330 455
331 445
332 448
333 450
334 453
335 437
336 441
337 444
338 419
339 407
340 395
341 423
342 456
343 478
344 502
345 451
346 451
347 417
348 402
349 405
350 425
351 412
352 401
353 415
354 445
355 384
356 395
357 380
358 390
359 379
360 429
361 467
362 405
363 393
364 373
365 349
366 409
367 372
368 360
369 388
370 426
371 402
372 347
373 352
374 387
375 383
376 376
377 368
378 352
379 352
380 375
381 513
382 369
383 380
384 328
385 370
386 342
387 350
388 360
389 333
390 343
391 355
392 335
393 342
394 318
395 335
396 315
397 326
398 293
399 350
400 351
401 334
402 323
403 328
404 335
405 308
406 333
407 324
408 320
409 306
410 329
411 328
412 333
413 303
414 305
415 293
416 332
417 310
418 274
419 303
420 294
421 285
422 324
423 338
424 284
425 316
426 252
427 339
428 284
429 306
430 298
431 281
432 457
433 287
434 304
435 277
436 307
437 282
438 306
439 268
440 272
441 258
442 296
443 267
444 285
445 268
446 223
447 248
448 292
449 276
450 254
451 276
452 269
453 229
454 274
455 265
456 256
457 271
458 272
459 262
460 276
461 269
462 239
463 246
464 257
465 243
466 236
467 218
468 258
469 207
470 222
471 256
472 244
473 238
474 240
475 230
476 250
477 245
478 251
479 237
480 271
481 219
482 210
483 227
484 216
485 204
486 235
487 255
488 205
489 250
490 244
491 219
492 232
493 222
494 210
495 213
496 228
497 205
498 215
499 213
500 199
501 237
502 198
503 205
504 178
505 239
506 206
507 195
508 207
509 185
510 230
511 220
512 220
513 202
514 210
515 210
516 197
517 194
518 216
519 203
520 218
521 186
522 196
523 184
524 198
525 208
526 183
527 178
528 204
529 214
530 208
531 210
532 213
533 179
534 197
535 203
536 167
537 205
538 193
539 174
540 192
541 233
542 209
543 172
544 186
545 185
546 203
547 195
548 195
549 163
550 154
551 156
552 206
553 186
554 181
555 176
556 190
557 198
558 184
559 216
560 156
561 175
562 177
563 170
564 174
565 166
566 167
567 182
568 180
569 185
570 167
571 167
572 167
573 180
574 167
575 160
576 160
577 148
578 175
579 151
580 176
581 151
582 156
583 400
584 166
585 157
586 171
587 153
588 156
589 182
590 170
591 165
592 175
593 155
594 155
595 157
596 158
597 162
598 186
599 167
600 142
601 157
602 168
603 157
604 161
605 170
606 161
607 144
608 167
609 161
610 148
611 139
612 165
613 151
614 142
615 134
616 175
617 120
618 157
619 136
620 172
621 146
622 195
623 147
624 140
625 129
626 146
627 156
628 139
629 146
630 296
631 153
632 118
633 129
634 171
635 162
636 156
637 147
638 120
639 140
640 140
641 162
642 152
643 141
644 149
645 142
646 142
647 129
648 136
649 140
650 156
651 119
652 145
653 150
654 137
655 135
656 143
657 162
658 149
659 153
660 156
661 175
662 145
663 153
664 149
665 125
666 147
667 143
668 127
669 140
670 129
671 112
672 141
673 122
674 131
675 130
676 163
677 130
678 126
679 134
680 140
681 124
682 124
683 128
684 125
685 126
686 116
687 116
688 129
689 139
690 131
691 114
692 168
693 108
694 140
695 135
696 114
697 123
698 131
699 113
700 116
701 151
702 119
703 116
704 126
705 130
706 139
707 121
708 109
709 207
710 112
711 132
712 106
713 125
714 109
715 106
716 135
717 122
718 122
719 97
720 103
721 108
722 144
723 118
724 92
725 109
726 107
727 92
728 107
729 114
730 113
731 135
732 111
733 119
734 100
735 106
736 117
737 106
738 117
739 108
740 110
741 102
742 124
743 98
744 116
745 110
746 105
747 113
748 109
749 108
750 98
751 116
752 108
753 102
754 103
755 123
756 116
757 108
758 105
759 111
760 116
761 98
762 108
763 106
764 89
765 107
766 103
767 104
768 153
769 119
770 90
771 86
772 103
773 116
774 103
775 101
776 105
777 86
778 98
779 86
780 84
781 152
782 100
783 116
784 106
785 108
786 95
787 103
788 76
789 95
790 104
791 175
792 97
793 123
794 107
795 93
796 84
797 110
798 87
799 94
800 108
801 114
802 89
803 109
804 96
805 87
806 107
807 82
808 92
809 86
810 83
811 87
812 90
813 100
814 96
815 78
816 80
817 98
818 81
819 82
820 78
821 89
822 76
823 82
824 80
825 107
826 92
827 82
828 105
829 84
830 90
831 103
832 94
833 104
834 87
835 86
836 95
837 82
838 89
839 91
840 89
841 100
842 79
843 89
844 97
845 94
846 86
847 69
848 95
849 89
850 102
851 65
852 98
853 95
854 94
855 69
856 72
857 80
858 67
859 80
860 71
861 84
862 70
863 94
864 79
865 79
866 70
867 90
868 65
869 66
870 104
871 89
872 83
873 69
874 79
875 83
876 77
877 66
878 80
879 63
880 58
881 69
882 81
883 88
884 88
885 86
886 61
887 79
888 59
889 77
890 89
891 82
892 70
893 65
894 81
895 69
896 84
897 77
898 81
899 59
900 67
901 57
902 73
903 63
904 78
905 67
906 73
907 66
908 84
909 80
910 84
911 68
912 70
913 69
914 61
915 85
916 75
917 69
918 67
919 61
920 71
921 60
922 65
923 83
924 83
925 80
926 71
927 75
928 66
929 73
930 62
931 87
932 70
933 77
934 60
935 56
936 61
937 67
938 73
939 84
940 56
941 68
942 82
943 67
944 54
945 68
946 51
947 65
948 78
949 65
950 60
951 69
952 64
953 67
954 78
955 57
956 61
957 66
958 74
959 60
960 79
961 72
962 53
963 72
964 74
965 67
966 66
967 60
968 76
969 70
970 62
971 68
972 56
973 76
974 72
975 47
976 73
977 69
978 66
979 52
980 53
981 66
982 67
983 71
984 60
985 65
986 75
987 56
988 66
989 64
990 64
991 59
992 56
993 68
994 62
995 75
996 45
997 75
998 69
999 44
1000 73
1001 60
1002 53
1003 52
1004 59
1005 62
1006 61
1007 68
1008 67
1009 62
1010 69
1011 74
1012 56
1013 70
1014 66
1015 72
1016 57
1017 57
1018 57
1019 52
1020 51
1021 64
1022 80
1023 61
1024 63
1025 65
1026 45
1027 57
1028 52
1029 40
1030 61
1031 47
1032 51
1033 50
1034 51
1035 61
1036 48
1037 60
1038 55
1039 45
1040 46
1041 67
1042 48
1043 59
1044 51
1045 57
1046 58
1047 113
1048 67
1049 55
1050 49
1051 51
1052 42
1053 59
1054 60
1055 53
1056 56
1057 57
1058 59
1059 59
1060 57
1061 57
1062 56
1063 53
1064 49
1065 45
1066 63
1067 53
1068 64
1069 58
1070 59
1071 61
1072 54
1073 54
1074 56
1075 64
1076 46
1077 33
1078 47
1079 47
1080 59
1081 57
1082 56
1083 60
1084 51
1085 63
1086 55
1087 62
1088 45
1089 57
1090 71
1091 42
1092 48
1093 53
1094 55
1095 42
1096 59
1097 48
1098 45
1099 57
1100 41
1101 67
1102 49
1103 44
1104 55
1105 38
1106 48
1107 50
1108 39
1109 51
1110 30
1111 56
1112 45
1113 46
1114 39
1115 51
1116 47
1117 51
1118 41
1119 60
1120 40
1121 51
1122 48
1123 48
1124 55
1125 49
1126 56
1127 54
1128 67
1129 50
1130 54
1131 55
1132 44
1133 41
1134 47
1135 56
1136 43
1137 36
1138 51
1139 61
1140 39
1141 43
1142 36
1143 51
1144 50
1145 43
1146 44
1147 46
1148 54
1149 48
1150 58
1151 43
1152 45
1153 37
1154 34
1155 46
1156 50
1157 50
1158 40
1159 51
1160 65
1161 53
1162 45
1163 43
1164 38
1165 32
1166 41
1167 48
1168 47
1169 38
1170 39
1171 42
1172 43
1173 47
1174 33
1175 40
1176 51
1177 30
1178 54
1179 41
1180 37
1181 42
1182 52
1183 28
1184 42
1185 46
1186 49
1187 44
1188 48
1189 51
1190 51
1191 44
1192 49
1193 42
1194 43
1195 37
1196 43
1197 42
1198 52
1199 40
1200 30
1201 31
1202 43
1203 37
1204 43
1205 41
1206 50
1207 40
1208 36
1209 45
1210 41
1211 43
1212 30
1213 36
1214 37
1215 35
1216 51
1217 41
1218 34
1219 51
1220 45
1221 46
1222 32
1223 40
1224 39
1225 45
1226 45
1227 37
1228 35
1229 41
1230 40
1231 34
1232 51
1233 32
1234 44
1235 36
1236 46
1237 40
1238 41
1239 30
1240 42
1241 45
1242 52
1243 34
1244 40
1245 38
1246 48
1247 36
1248 35
1249 33
1250 30
1251 41
1252 43
1253 26
1254 32
1255 28
1256 41
1257 34
1258 43
1259 31
1260 46
1261 43
1262 33
1263 43
1264 33
1265 30
1266 36
1267 43
1268 43
1269 34
1270 37
1271 40
1272 35
1273 45
1274 36
1275 41
1276 41
1277 32
1278 44
1279 34
1280 40
1281 42
1282 34
1283 36
1284 28
1285 42
1286 35
1287 37
1288 35
1289 41
1290 34
1291 26
1292 33
1293 40
1294 36
1295 39
1296 32
1297 32
1298 32
1299 34
1300 32
1301 568
1302 33
1303 30
1304 42
1305 27
1306 37
1307 39
1308 37
1309 39
1310 25
1311 44
1312 50
1313 29
1314 41
1315 38
1316 28
1317 48
1318 42
1319 50
1320 28
1321 26
1322 32
1323 38
1324 34
1325 35
1326 40
1327 25
1328 38
1329 37
1330 34
1331 26
1332 34
1333 32
1334 45
1335 42
1336 39
1337 33
1338 45
1339 32
1340 33
1341 48
1342 36
1343 30
1344 34
1345 42
1346 29
1347 39
1348 36
1349 44
1350 34
1351 31
1352 35
1353 37
1354 30
1355 23
1356 31
1357 34
1358 39
1359 38
1360 33
1361 39
1362 28
1363 41
1364 34
1365 28
1366 25
1367 26
1368 31
1369 43
1370 37
1371 51
1372 27
1373 28
1374 45
1375 29
1376 33
1377 28
1378 26
1379 35
1380 35
1381 41
1382 37
1383 28
1384 22
1385 27
1386 41
1387 31
1388 26
1389 36
1390 30
1391 34
1392 35
1393 39
1394 36
1395 21
1396 42
1397 32
1398 31
1399 30
1400 24
1401 30
1402 25
1403 28
1404 27
1405 29
1406 28
1407 34
1408 34
1409 25
1410 42
1411 24
1412 29
1413 37
1414 29
1415 33
1416 32
1417 33
1418 34
1419 30
1420 35
1421 36
1422 33
1423 20
1424 34
1425 29
1426 30
1427 31
1428 24
1429 30
1430 23
1431 33
1432 30
1433 41
1434 31
1435 26
1436 23
1437 30
1438 31
1439 36
1440 28
1441 22
1442 24
1443 30
1444 34
1445 32
1446 34
1447 38
1448 26
1449 27
1450 31
1451 28
1452 32
1453 38
1454 23
1455 34
1456 24
1457 35
1458 30
1459 30
1460 37
1461 24
1462 33
1463 34
1464 22
1465 25
1466 39
1467 34
1468 29
1469 26
1470 31
1471 29
1472 41
1473 21
1474 25
1475 32
1476 31
1477 28
1478 22
1479 36
1480 26
1481 24
1482 30
1483 32
1484 31
1485 20
1486 29
1487 25
1488 28
1489 28
1490 29
1491 30
1492 26
1493 34
1494 27
1495 27
1496 28
1497 32
1498 28
1499 24
1500 32
1501 23
1502 20
1503 25
1504 24
1505 19
1506 39
1507 29
1508 30
1509 26
1510 29
1511 23
1512 32
1513 29
1514 23
1515 22
1516 30
1517 27
1518 26
1519 24
1520 27
1521 21
1522 34
1523 26
1524 26
1525 22
1526 28
1527 14
1528 21
1529 29
1530 29
1531 22
1532 27
1533 28
1534 20
1535 21
1536 33
1537 22
1538 36
1539 24
1540 30
1541 23
1542 29
1543 29
1544 26
1545 25
1546 25
1547 26
1548 17
1549 25
1550 22
1551 23
1552 29
1553 27
1554 18
1555 30
1556 19
1557 28
1558 22
1559 28
1560 23
1561 18
1562 24
1563 26
1564 20
1565 25
1566 21
1567 21
1568 21
1569 25
1570 30
1571 24
1572 39
1573 30
1574 20
1575 30
1576 13
1577 16
1578 22
1579 23
1580 19
1581 18
1582 24
1583 30
1584 20
1585 21
1586 27
1587 21
1588 16
1589 29
1590 23
1591 20
1592 18
1593 25
1594 23
1595 23
1596 24
1597 18
1598 29
1599 23
1600 15
1601 28
1602 26
1603 27
1604 27
1605 33
1606 21
1607 26
1608 21
1609 16
1610 29
1611 22
1612 26
1613 24
1614 25
1615 17
1616 28
1617 22
1618 23
1619 22
1620 14
1621 24
1622 19
1623 14
1624 23
1625 26
1626 25
1627 17
1628 19
1629 23
1630 24
1631 28
1632 22
1633 26
1634 23
1635 20
1636 36
1637 18
1638 28
1639 23
1640 21
1641 20
1642 15
1643 25
1644 15
1645 22
1646 12
1647 16
1648 17
1649 19
1650 22
1651 16
1652 27
1653 17
1654 25
1655 16
1656 15
1657 26
1658 22
1659 18
1660 22
1661 16
1662 19
1663 21
1664 22
1665 27
1666 24
1667 17
1668 27
1669 19
1670 21
1671 24
1672 16
1673 24
1674 26
1675 17
1676 21
1677 22
1678 22
1679 17
1680 18
1681 23
1682 21
1683 18
1684 20
1685 16
1686 14
1687 24
1688 23
1689 28
1690 19
1691 21
1692 20
1693 22
1694 20
1695 29
1696 20
1697 28
1698 22
1699 22
1700 21
1701 24
1702 22
1703 19
1704 22
1705 24
1706 18
1707 18
1708 21
1709 24
1710 15
1711 23
1712 21
1713 21
1714 19
1715 15
1716 24
1717 21
1718 15
1719 18
1720 18
1721 27
1722 20
1723 24
1724 18
1725 26
1726 24
1727 14
1728 15
1729 24
1730 19
1731 23
1732 19
1733 18
1734 18
1735 17
1736 22
1737 21
1738 24
1739 18
1740 10
1741 23
1742 20
1743 17
1744 14
1745 22
1746 16
1747 23
1748 24
1749 19
1750 20
1751 18
1752 19
1753 14
1754 17
1755 25
1756 16
1757 23
1758 25
1759 19
1760 16
1761 20
1762 8
1763 19
1764 17
1765 23
1766 9
1767 19
1768 25
1769 22
1770 17
1771 12
1772 15
1773 18
1774 11
1775 19
1776 21
1777 13
1778 18
1779 13
1780 17
1781 21
1782 19
1783 15
1784 15
1785 21
1786 16
1787 14
1788 13
1789 22
1790 21
1791 8
1792 23
1793 15
1794 8
1795 10
1796 18
1797 19
1798 11
1799 12
1800 28
1801 18
1802 24
1803 12
1804 20
1805 13
1806 18
1807 18
1808 14
1809 20
1810 20
1811 21
1812 18
1813 11
1814 13
1815 17
1816 23
1817 8
1818 12
1819 13
1820 16
1821 9
1822 13
1823 17
1824 13
1825 16
1826 22
1827 13
1828 18
1829 13
1830 16
1831 14
1832 17
1833 12
1834 8
1835 17
1836 15
1837 16
1838 11
1839 15
1840 11
1841 15
1842 13
1843 9
1844 14
1845 27
1846 13
1847 13
1848 16
1849 19
1850 16
1851 11
1852 16
1853 11
1854 15
1855 26
1856 22
1857 10
1858 14
1859 15
1860 20
1861 11
1862 14
1863 12
1864 20
1865 16
1866 23
1867 20
1868 11
1869 10
1870 20
1871 15
1872 20
1873 15
1874 19
1875 11
1876 18
1877 18
1878 15
1879 20
1880 20
1881 27
1882 12
1883 10
1884 9
1885 13
1886 13
1887 19
1888 15
1889 20
1890 14
1891 18
1892 13
1893 22
1894 17
1895 17
1896 11
1897 16
1898 19
1899 10
1900 17
1901 9
1902 10
1903 12
1904 13
1905 9
1906 14
1907 16
1908 16
1909 13
1910 13
1911 14
1912 12
1913 18
1914 18
1915 12
1916 16
1917 14
1918 14
1919 11
1920 14
1921 12
1922 9
1923 16
1924 13
1925 15
1926 11
1927 19
1928 19
1929 19
1930 15
1931 14
1932 19
1933 11
1934 14
1935 10
1936 17
1937 11
1938 16
1939 11
1940 16
1941 16
1942 16
1943 13
1944 16
1945 14
1946 11
1947 19
1948 10
1949 7
1950 18
1951 19
1952 9
1953 12
1954 16
1955 11
1956 17
1957 14
1958 13
1959 19
1960 11
1961 6
1962 16
1963 19
1964 16
1965 16
1966 7
1967 14
1968 13
1969 16
1970 10
1971 11
1972 8
1973 15
1974 16
1975 18
1976 10
1977 10
1978 16
1979 14
1980 6
1981 19
1982 8
1983 14
1984 11
1985 12
1986 11
1987 5
1988 10
1989 14
1990 9
1991 11
1992 12
1993 15
1994 19
1995 5
1996 9
1997 15
1998 8
1999 16
2000 12
2001 10
2002 10
2003 10
2004 9
2005 15
2006 14
2007 11
2008 13
2009 16
2010 10
2011 9
2012 12
2013 11
2014 9
2015 18
2016 12
2017 15
2018 14
2019 16
2020 16
2021 9
2022 17
2023 10
2024 14
2025 7
2026 12
2027 10
2028 15
2029 18
2030 8
2031 5
2032 9
2033 3
2034 10
2035 11
2036 8
2037 13
2038 11
2039 11
2040 13
2041 12
2042 7
2043 8
2044 4
2045 8
2046 17
2047 8
2048 10
2049 12
2050 15
2051 14
2052 8
2053 9
2054 22
2055 8
2056 11
2057 18
2058 6
2059 9
2060 15
2061 11
2062 17
2063 9
2064 14
2065 7
2066 13
2067 12
2068 11
2069 13
2070 8
2071 19
2072 7
2073 11
2074 15
2075 13
2076 11
2077 11
2078 14
2079 14
2080 11
2081 10
2082 14
2083 10
2084 14
2085 12
2086 17
2087 13
2088 6
2089 13
2090 13
2091 7
2092 6
2093 8
2094 12
2095 8
2096 6
2097 17
2098 12
2099 11
2100 11
2101 11
2102 12
2103 14
2104 5
2105 12
2106 11
2107 13
2108 10
2109 7
2110 13
2111 17
2112 14
2113 7
2114 10
2115 9
2116 5
2117 12
2118 13
2119 8
2120 14
2121 8
2122 10
2123 11
2124 12
2125 12
2126 8
2127 13
2128 9
2129 13
2130 13
2131 12
2132 13
2133 11
2134 15
2135 14
2136 17
2137 8
2138 12
2139 11
2140 14
2141 8
2142 14
2143 8
2144 8
2145 7
2146 16
2147 13
2148 6
2149 15
2150 13
2151 8
2152 12
2153 13
2154 15
2155 9
2156 17
2157 10
2158 6
2159 11
2160 14
2161 10
2162 10
2163 10
2164 11
2165 10
2166 4
2167 18
2168 10
2169 17
2170 9
2171 14
2172 11
2173 11
2174 9
2175 9
2176 4
2177 8
2178 13
2179 9
2180 5
2181 8
2182 11
2183 7
2184 16
2185 9
2186 11
2187 9
2188 10
2189 9
2190 13
2191 11
2192 11
2193 10
2194 11
2195 8
2196 10
2197 9
2198 8
2199 12
2200 16
2201 5
2202 9
2203 5
2204 15
2205 15
2206 9
2207 9
2208 8
2209 10
2210 16
2211 7
2212 8
2213 6
2214 8
2215 9
2216 7
2217 8
2218 8
2219 12
2220 15
2221 8
2222 12
2223 8
2224 13
2225 12
2226 13
2227 7
2228 12
2229 12
2230 10
2231 3
2232 11
2233 16
2234 10
2235 6
2236 7
2237 7
2238 8
2239 9
2240 10
2241 5
2242 17
2243 14
2244 8
2245 4
2246 11
2247 5
2248 8
2249 13
2250 9
2251 14
2252 7
2253 13
2254 13
2255 7
2256 17
2257 7
2258 9
2259 8
2260 12
2261 5
2262 6
2263 7
2264 11
2265 8
2266 9
2267 10
2268 11
2269 11
2270 9
2271 10
2272 10
2273 6
2274 7
2275 5
2276 14
2277 6
2278 7
2279 10
2280 4
2281 6
2282 5
2283 8
2284 10
2285 5
2286 14
2287 10
2288 9
2289 12
2290 9
2291 7
2292 4
2293 9
2294 12
2295 14
2296 6
2297 8
2298 13
2299 10
2300 11
2301 8
2302 8
2303 12
2304 10
2305 7
2306 9
2307 9
2308 8
2309 10
2310 10
2311 5
2312 9
2313 9
2314 7
2315 11
2316 12
2317 9
2318 8
2319 9
2320 8
2321 12
2322 6
2323 7
2324 11
2325 9
2326 10
2327 14
2328 12
2329 9
2330 5
2331 8
2332 7
2333 4
2334 13
2335 11
2336 15
2337 5
2338 9
2339 12
2340 5
2341 6
2342 6
2343 15
2344 5
2345 9
2346 13
2347 11
2348 11
2349 3
2350 3
2351 9
2352 10
2353 7
2354 10
2355 10
2356 7
2357 8
2358 8
2359 9
2360 6
2361 6
2362 9
2363 12
2364 15
2365 14
2366 12
2367 5
2368 4
2369 13
2370 11
2371 8
2372 7
2373 9
2374 6
2375 8
2376 7
2377 11
2378 2
2379 10
2380 9
2381 10
2382 12
2383 9
2384 6
2385 11
2386 5
2387 10
2388 10
2389 9
2390 5
2391 5
2392 7
2393 12
2394 6
2395 6
2396 2
2397 5
2398 9
2399 10
2400 10
2401 9
2402 6
2403 4
2404 11
2405 6
2406 10
2407 8
2408 4
2409 4
2410 12
2411 6
2412 9
2413 15
2414 6
2415 5
2416 13
2417 5
2418 4
2419 10
2420 19
2421 7
2422 9
2423 6
2424 5
2425 7
2426 8
2427 11
2428 15
2429 8
2430 7
2431 6
2432 5
2433 9
2434 13
2435 4
2436 10
2437 8
2438 6
2439 4
2440 13
2441 12
2442 5
2443 14
2444 9
2445 6
2446 6
2447 12
2448 3
2449 3
2450 8
2451 6
2452 8
2453 6
2454 13
2455 9
2456 4
2457 8
2458 14
2459 6
2460 5
2461 7
2462 9
2463 8
2464 8
2465 9
2466 5
2467 3
2468 5
2469 9
2470 3
2471 9
2472 5
2473 11
2474 7
2475 6
2476 5
2477 2
2478 10
2479 5
2480 9
2481 14
2482 7
2483 5
2484 6
2485 8
2486 5
2487 9
2488 5
2489 4
2490 9
2491 5
2492 3
2493 10
2494 12
2495 8
2496 9
2497 8
2498 7
2499 5
2500 10
2501 5
2502 4
2503 10
2504 10
2505 8
2506 7
2507 7
2508 8
2509 13
2510 12
2511 3
2512 7
2513 2
2514 11
2515 2
2516 4
2517 6
2518 8
2519 7
2520 8
2521 5
2522 4
2523 10
2524 9
2525 5
2526 7
2527 4
2528 4
2529 3
2530 8
2531 3
2532 9
2533 6
2534 4
2535 11
2536 8
2537 9
2538 7
2539 6
2540 9
2541 6
2542 5
2543 7
2544 9
2545 7
2546 7
2547 4
2548 7
2549 10
2550 6
2551 6
2552 4
2553 5
2554 6
2555 7
2556 10
2557 10
2558 11
2559 6
2560 4
2561 4
2562 5
2563 6
2564 4
2565 6
2566 5
2567 6
2568 11
2569 6
2570 4
2571 6
2572 11
2573 8
2574 4
2575 8
2576 6
2577 7
2578 3
2579 2
2580 5
2581 7
2582 4
2583 8
2584 3
2585 4
2586 12
2587 7
2588 7
2589 4
2590 9
2591 12
2592 4
2593 7
2594 8
2595 4
2596 9
2597 6
2598 5
2599 7
2600 1
2601 3
2602 9
2603 6
2604 16
2605 7
2606 7
2607 4
2608 8
2609 9
2610 7
2611 4
2612 9
2613 6
2614 12
2615 7
2616 3
2617 13
2618 7
2619 3
2620 5
2621 9
2622 11
2623 4
2624 4
2625 6
2626 6
2627 4
2628 6
2629 10
2630 6
2631 6
2632 6
2633 10
2634 6
2635 3
2636 11
2637 8
2638 7
2639 8
2640 2
2641 4
2642 10
2643 9
2644 7
2645 3
2646 6
2647 7
2648 6
2649 7
2650 5
2651 5
2652 6
2653 7
2654 6
2655 7
2656 7
2657 14
2658 9
2659 3
2660 4
2661 11
2662 3
2663 11
2664 4
2665 4
2666 5
2667 1
2668 9
2669 2
2670 5
2671 7
2672 4
2673 4
2674 10
2675 6
2676 3
2677 6
2678 4
2679 5
2680 8
2681 4
2682 6
2683 2
2684 8
2685 10
2686 9
2687 3
2688 11
2689 1
2690 7
2691 5
2692 4
2693 5
2694 8
2695 6
2696 10
2697 8
2698 9
2699 5
2700 8
2701 5
2702 5
2703 5
2704 4
2705 9
2706 7
2707 6
2708 5
2709 7
2710 4
2711 8
2712 3
2713 6
2714 4
2715 10
2716 7
2717 9
2718 4
2719 6
2720 10
2721 4
2722 4
2723 6
2724 6
2725 9
2726 3
2727 4
2728 7
2729 8
2730 7
2731 7
2732 5
2733 5
2734 5
2735 6
2736 4
2737 5
2738 1
2739 9
2740 7
2741 6
2742 7
2743 3
2744 5
2745 4
2746 7
2747 4
2748 6
2749 10
2750 5
2751 5
2752 7
2753 4
2754 5
2755 7
2756 5
2757 8
2758 7
2759 8
2760 8
2761 4
2762 4
2763 7
2764 5
2765 6
2766 3
2767 9
2768 5
2769 8
2770 3
2771 3
2772 5
2773 5
2774 9
2775 6
2776 9
2777 5
2778 5
2779 12
2780 6
2781 4
2782 6
2783 1
2784 5
2785 5
2786 11
2787 5
2788 5
2789 5
2790 4
2791 8
2792 4
2793 8
2794 4
2795 4
2796 7
2797 11
2798 7
2799 7
2800 5
2801 11
2802 6
2803 8
2804 9
2805 8
2806 7
2807 4
2808 13
2809 2
2810 5
2811 3
2812 7
2813 6
2814 7
2815 6
2816 10
2817 2
2818 9
2819 2
2820 8
2821 9
2822 7
2823 4
2824 3
2825 3
2826 6
2827 4
2828 4
2829 4
2830 7
2831 2
2832 5
2833 9
2834 10
2835 9
2836 6
2837 2
2838 5
2839 6
2840 3
2841 3
2842 6
2843 3
2844 6
2845 6
2846 4
2847 4
2848 6
2849 5
2850 9
2851 4
2852 5
2853 6
2854 4
2855 3
2856 9
2857 6
2858 5
2859 4
2860 6
2861 11
2862 5
2863 3
2864 3
2865 4
2866 5
2867 9
2868 5
2869 5
2870 2
2871 12
2872 8
2873 5
2874 5
2875 3
2876 6
2877 5
2878 2
2879 3
2880 4
2881 3
2882 5
2883 4
2884 3
2885 4
2886 3
2887 7
2888 6
2889 5
2890 1
2891 3
2892 7
2893 4
2894 6
2895 4
2896 4
2897 4
2898 5
2899 3
2900 5
2901 4
2902 8
2903 5
2904 5
2905 5
2906 8
2907 4
2908 8
2909 5
2910 7
2911 7
2912 7
2913 7
2914 2
2915 3
2916 7
2917 4
2918 8
2919 6
2920 6
2921 9
2922 4
2923 2
2924 6
2925 8
2926 4
2927 2
2928 2
2929 4
2930 8
2931 11
2932 5
2933 6
2934 3
2935 2
2936 5
2937 6
2938 2
2939 6
2940 6
2941 5
2942 6
2943 3
2944 7
2945 3
2946 5
2947 9
2948 5
2949 6
2950 3
2951 6
2952 4
2953 5
2954 9
2955 9
2956 5
2957 3
2958 8
2959 4
2960 7
2961 4
2962 2
2963 2
2964 1
2965 7
2966 6
2967 3
2968 6
2969 5
2970 3
2971 6
2972 5
2973 7
2974 1
2975 4
2976 3
2977 4
2978 1
2979 2
2980 3
2981 5
2982 7
2983 4
2984 2
2985 5
2986 7
2987 4
2988 11
2989 4
2990 6
2991 2
2992 7
2993 3
2994 1
2995 5
2996 6
2997 2
2998 1
2999 7
3000 1
3001 2
3002 5
3003 2
3004 3
3005 2
3006 5
3007 5
3008 7
3009 1
3010 4
3011 7
3012 5
3013 4
3014 3
3015 5
3016 2
3017 4
3018 1
3019 5
3020 3
3021 8
3022 3
3023 2
3024 5
3025 6
3026 4
3027 4
3028 5
3029 6
3030 5
3031 3
3032 4
3033 6
3034 6
3035 9
3036 3
3037 5
3038 2
3039 3
3040 2
3041 6
3042 5
3043 2
3044 1
3045 4
3046 4
3047 8
3048 3
3049 4
3050 3
3051 6
3052 2
3053 4
3054 4
3055 3
3056 2
3057 5
3058 4
3059 4
3060 1
3061 2
3062 2
3063 6
3064 6
3065 5
3066 4
3067 4
3068 2
3069 5
3070 3
3071 3
3072 4
3073 2
3074 3
3075 6
3076 5
3077 5
3078 5
3079 5
3080 3
3081 3
3082 3
3083 8
3084 2
3085 2
3086 4
3087 5
3088 3
3089 8
3090 4
3091 2
3092 3
3093 6
3094 8
3095 6
3096 4
3097 6
3098 6
3099 5
3100 3
3101 4
3102 1
3103 1
3104 8
3105 1
3106 5
3107 7
3108 2
3109 1
3110 1
3111 1
3112 4
3113 8
3114 5
3115 2
3116 2
3117 1
3118 7
3119 5
3120 1
3121 2
3122 3
3123 4
3124 9
3125 4
3126 4
3127 4
3128 4
3129 6
3130 5
3131 7
3132 4
3133 5
3134 6
3135 3
3136 2
3137 6
3138 6
3139 3
3140 5
3141 3
3143 4
3144 3
3145 2
3146 5
3147 2
3148 3
3149 1
3150 5
3151 5
3152 3
3153 3
3154 2
3155 4
3156 3
3157 8
3158 4
3159 4
3160 3
3161 2
3162 1
3163 2
3164 4
3165 4
3166 3
3167 3
3168 2
3169 7
3170 5
3171 6
3172 2
3173 4
3174 3
3175 1
3176 3
3177 2
3178 3
3179 5
3180 4
3181 3
3182 3
3183 2
3184 4
3185 2
3186 6
3187 2
3188 2
3190 4
3191 1
3192 6
3193 3
3194 8
3195 4
3196 5
3197 2
3198 3
3199 4
3200 6
3201 6
3202 6
3203 3
3204 3
3205 4
3206 3
3207 2
3208 4
3209 3
3210 3
3211 2
3212 6
3213 4
3214 5
3215 6
3216 9
3217 5
3218 4
3219 2
3220 3
3221 3
3222 2
3223 6
3224 3
3225 2
3226 1
3227 3
3228 2
3229 3
3230 4
3232 3
3233 2
3234 3
3235 2
3236 3
3237 1
3238 8
3239 2
3240 3
3242 2
3243 1
3244 4
3245 1
3246 5
3247 1
3248 5
3249 2
3250 2
3251 6
3252 4
3253 2
3254 4
3255 4
3256 3
3258 7
3259 3
3260 3
3261 8
3262 2
3263 5
3264 3
3265 4
3266 2
3267 5
3268 5
3269 5
3270 5
3271 2
3272 3
3273 5
3274 4
3275 9
3276 4
3277 1
3278 1
3279 5
3280 4
3281 2
3282 7
3283 3
3284 5
3285 5
3286 2
3288 4
3289 5
3290 7
3291 4
3292 2
3293 2
3295 6
3296 1
3297 1
3298 3
3299 2
3300 1
3301 3
3302 6
3303 3
3304 3
3305 2
3306 1
3307 2
3308 2
3309 4
3310 2
3311 3
3312 3
3313 4
3314 5
3315 5
3316 1
3317 5
3318 2
3319 6
3320 5
3321 1
3322 5
3323 4
3326 1
3327 3
3328 3
3329 6
3330 1
3331 1
3332 5
3333 5
3334 4
3335 2
3336 3
3337 4
3338 2
3339 3
3340 5
3341 4
3342 6
3343 4
3344 4
3345 3
3346 5
3347 3
3348 2
3349 1
3350 8
3351 4
3352 3
3353 4
3355 6
3356 1
3357 3
3358 4
3359 7
3360 3
3361 7
3362 1
3363 5
3364 4
3365 2
3366 1
3368 3
3369 1
3370 2
3371 3
3372 3
3373 2
3374 1
3375 5
3376 6
3377 3
3378 4
3379 5
3380 2
3381 4
3382 2
3383 1
3384 3
3385 4
3386 2
3387 2
3388 4
3389 3
3390 7
3391 5
3392 4
3393 2
3394 4
3395 2
3396 4
3397 1
3398 6
3399 3
3400 3
3401 3
3402 3
3403 1
3404 3
3405 1
3406 6
3407 4
3408 2
3409 1
3410 1
3411 1
3412 3
3414 2
3415 3
3417 2
3418 4
3419 2
3420 4
3421 2
3422 4
3423 4
3424 5
3425 5
3426 2
3427 1
3428 2
3429 4
3430 1
3431 2
3432 2
3433 8
3434 3
3435 3
3436 3
3438 3
3439 3
3440 4
3441 5
3442 3
3443 2
3444 3
3445 5
3446 3
3447 2
3448 3
3449 4
3450 2
3451 3
3452 6
3453 1
3454 4
3455 1
3457 1
3458 2
3459 2
3460 1
3461 3
3463 3
3464 1
3465 2
3466 2
3467 2
3468 1
3469 4
3470 4
3471 4
3472 3
3473 2
3474 3
3475 4
3476 2
3477 5
3478 6
3479 4
3480 4
3481 3
3483 5
3484 1
3485 5
3486 1
3488 3
3489 3
3490 1
3491 5
3492 4
3493 2
3494 1
3495 8
3496 2
3497 4
3498 1
3499 4
3500 3
3501 1
3502 6
3503 2
3504 3
3505 4
3506 2
3507 3
3508 1
3509 2
3510 4
3511 6
3512 2
3513 3
3514 2
3515 1
3516 5
3517 1
3518 1
3519 4
3520 1
3521 1
3522 6
3523 2
3524 2
3525 3
3526 1
3527 2
3528 2
3529 1
3530 3
3531 2
3532 3
3533 1
3534 3
3535 2
3537 1
3538 3
3539 2
3540 2
3543 3
3544 4
3545 2
3546 3
3547 5
3548 3
3549 2
3551 1
3552 3
3553 2
3554 3
3555 3
3556 3
3557 6
3558 3
3559 2
3560 4
3561 3
3562 5
3563 4
3564 3
3565 5
3566 1
3567 3
3568 1
3569 3
3570 3
3571 1
3573 1
3574 7
3575 2
3576 2
3577 2
3578 2
3579 2
3580 3
3581 3
3582 3
3583 2
3584 5
3585 3
3586 2
3587 2
3588 3
3589 1
3590 3
3591 2
3592 2
3594 4
3596 1
3597 5
3598 3
3599 3
3600 2
3601 1
3602 1
3603 1
3605 1
3606 1
3607 3
3608 2
3610 2
3612 4
3613 3
3614 2
3615 2
3616 1
3617 2
3618 3
3619 3
3620 2
3621 3
3622 2
3623 5
3624 2
3625 3
3626 2
3627 1
3628 1
3629 3
3631 3
3632 1
3633 3
3634 3
3635 4
3636 3
3638 1
3639 3
3640 1
3641 2
3642 1
3643 1
3644 5
3645 3
3646 6
3647 3
3648 3
3649 3
3650 3
3651 2
3652 3
3654 3
3656 4
3657 2
3658 1
3659 3
3660 4
3661 9
3662 1
3663 4
3664 3
3665 1
3666 2
3667 5
3668 2
3669 2
3670 4
3671 3
3672 2
3673 1
3674 4
3675 3
3676 3
3677 2
3678 1
3679 3
3680 3
3681 1
3682 4
3683 1
3684 2
3685 2
3686 3
3687 3
3688 2
3690 1
3691 1
3692 3
3693 4
3694 1
3695 3
3696 4
3697 3
3698 2
3699 2
3700 1
3701 4
3702 4
3703 2
3704 1
3705 3
3706 3
3707 1
3708 2
3709 3
3711 2
3712 6
3713 1
3714 3
3715 5
3716 1
3717 2
3718 3
3719 2
3720 1
3722 2
3723 1
3724 2
3726 3
3727 1
3728 2
3729 3
3730 3
3731 3
3732 3
3733 2
3734 2
3735 4
3736 2
3737 4
3738 2
3739 3
3740 1
3741 2
3742 2
3743 6
3744 2
3746 5
3747 1
3748 3
3749 4
3750 4
3752 3
3755 5
3756 2
3757 4
3758 1
3759 3
3760 2
3761 2
3762 2
3763 5
3764 1
3765 3
3766 2
3767 1
3768 1
3769 5
3770 1
3771 3
3772 1
3773 2
3774 3
3775 2
3776 2
3778 5
3779 3
3780 1
3781 3
3783 3
3784 2
3785 2
3786 1
3787 2
3788 2
3789 2
3790 3
3791 1
3793 4
3794 1
3795 3
3796 1
3797 6
3798 1
3799 4
3800 2
3801 1
3802 2
3803 1
3805 3
3806 1
3807 2
3809 2
3810 1
3813 3
3815 2
3816 2
3817 1
3818 3
3820 2
3821 3
3822 2
3823 3
3824 2
3825 2
3826 4
3827 2
3828 3
3829 3
3831 3
3832 1
3833 3
3834 2
3835 1
3836 1
3837 1
3838 4
3839 4
3840 3
3841 8
3843 3
3844 2
3845 1
3846 2
3848 2
3849 1
3850 2
3851 3
3852 4
3853 5
3855 6
3856 4
3858 1
3860 1
3861 2
3862 3
3866 7
3867 2
3868 2
3869 1
3870 1
3871 2
3872 2
3873 2
3874 4
3876 3
3877 5
3878 1
3879 1
3880 2
3881 1
3882 1
3883 1
3884 1
3885 2
3886 3
3887 2
3888 1
3889 3
3890 2
3891 2
3892 3
3894 2
3896 4
3897 4
3898 4
3899 1
3900 3
3903 1
3904 1
3905 2
3906 3
3907 2
3908 2
3909 3
3910 3
3911 3
3912 2
3914 5
3915 4
3916 2
3917 4
3919 3
3920 1
3921 2
3922 2
3923 4
3924 3
3925 3
3927 2
3928 2
3929 1
3931 1
3932 1
3933 5
3934 5
3935 1
3936 1
3937 1
3938 2
3940 1
3941 1
3942 7
3943 4
3944 1
3946 1
3947 3
3948 3
3949 1
3951 3
3952 2
3953 1
3954 2
3955 2
3956 2
3957 1
3958 2
3959 3
3960 2
3961 1
3962 5
3963 2
3964 3
3965 1
3966 1
3967 2
3969 1
3970 3
3971 3
3972 1
3973 3
3974 2
3976 1
3978 2
3979 2
3980 3
3981 1
3982 1
3983 2
3984 1
3986 2
3987 1
3988 2
3989 2
3990 2
3991 4
3992 1
3993 1
3994 3
3995 1
3996 1
3997 3
3998 6
3999 1
4000 5
4001 1
4002 1
4005 3
4006 2
4008 3
4009 2
4010 3
4013 4
4015 1
4017 2
4018 2
4019 2
4020 1
4022 1
4023 1
4024 1
4025 2
4027 5
4028 5
4030 2
4031 3
4032 3
4033 1
4034 1
4035 2
4036 1
4037 1
4038 1
4039 2
4040 2
4041 1
4042 4
4045 4
4046 1
4047 1
4048 1
4049 2
4050 1
4051 2
4052 3
4053 3
4055 1
4057 1
4060 2
4061 1
4062 3
4063 1
4064 1
4065 5
4066 1
4069 3
4070 1
4071 4
4072 2
4074 1
4075 2
4076 2
4078 2
4080 1
4081 2
4082 1
4083 2
4084 5
4085 2
4086 4
4087 3
4088 3
4089 1
4092 3
4093 1
4094 1
4095 1
4096 3
4097 1
4099 3
4100 1
4101 1
4103 5
4104 2
4105 1
4106 2
4107 2
4109 1
4110 3
4111 2
4116 1
4117 2
4118 3
4119 2
4120 3
4121 2
4122 3
4123 3
4124 2
4125 2
4126 3
4127 5
4128 2
4129 2
4130 1
4131 1
4132 5
4134 4
4135 1
4137 1
4138 2
4139 2
4140 1
4141 1
4142 3
4144 1
4145 3
4146 2
4147 2
4148 3
4150 2
4151 1
4152 2
4153 3
4154 1
4155 3
4156 1
4158 2
4159 2
4160 1
4161 2
4164 2
4167 2
4168 1
4170 3
4172 4
4174 1
4175 1
4178 3
4179 2
4180 1
4181 2
4182 3
4183 3
4184 1
4185 1
4186 3
4187 1
4188 3
4189 1
4191 1
4192 1
4193 7
4195 1
4196 1
4197 1
4198 2
4199 2
4200 1
4201 1
4203 1
4204 2
4205 1
4206 1
4207 3
4208 3
4210 3
4211 1
4212 4
4213 4
4215 2
4216 1
4217 2
4219 1
4222 3
4223 3
4224 3
4225 1
4226 1
4227 1
4228 2
4230 1
4231 1
4232 4
4233 4
4234 4
4235 1
4237 1
4238 1
4240 5
4241 1
4242 2
4243 1
4245 4
4247 1
4248 3
4250 2
4251 2
4252 1
4253 1
4254 2
4256 3
4258 3
4260 3
4261 3
4262 4
4265 1
4266 1
4267 2
4268 2
4270 1
4271 3
4272 2
4273 2
4274 2
4275 1
4277 2
4278 3
4279 1
4280 2
4282 1
4283 1
4284 1
4285 1
4286 2
4287 3
4288 1
4289 1
4290 3
4291 2
4292 1
4293 4
4294 2
4295 2
4296 1
4298 2
4300 1
4301 1
4302 1
4304 1
4305 1
4306 1
4307 1
4308 1
4310 3
4311 2
4312 2
4314 2
4315 1
4318 1
4319 4
4320 1
4321 1
4322 1
4323 2
4325 3
4326 2
4327 3
4328 3
4329 2
4330 2
4331 3
4332 1
4333 1
4335 3
4336 3
4337 2
4338 1
4339 1
4343 1
4344 2
4345 1
4346 1
4348 1
4349 1
4350 4
4351 1
4353 1
4354 3
4355 2
4356 2
4357 1
4358 1
4360 2
4362 2
4363 1
4365 1
4367 1
4371 1
4372 2
4374 2
4375 1
4376 1
4377 5
4379 1
4382 2
4383 1
4385 1
4386 3
4387 3
4388 2
4390 1
4391 1
4392 2
4393 2
4395 1
4396 1
4397 2
4398 1
4400 2
4404 1
4405 1
4406 1
4408 1
4409 1
4410 2
4411 2
4412 1
4413 1
4414 1
4415 3
4416 2
4418 2
4419 1
4420 1
4422 3
4424 1
4425 1
4427 2
4430 1
4431 2
4432 2
4433 2
4434 1
4435 1
4436 1
4437 1
4438 1
4439 1
4440 1
4441 1
4442 1
4444 2
4447 3
4449 1
4451 4
4453 1
4455 1
4456 2
4457 1
4458 1
4459 1
4460 1
4461 2
4463 2
4464 2
4465 3
4466 1
4467 3
4468 2
4470 1
4471 2
4472 1
4473 1
4474 1
4475 1
4477 1
4479 1
4481 3
4482 2
4483 2
4484 1
4485 2
4486 2
4487 4
4488 3
4489 1
4491 2
4492 4
4493 3
4495 5
4496 3
4497 1
4498 2
4499 1
4503 1
4504 1
4505 1
4506 3
4507 3
4508 1
4510 1
4511 4
4512 1
4513 2
4514 2
4515 1
4517 2
4518 1
4519 4
4520 3
4523 1
4524 1
4525 1
4526 1
4527 1
4528 2
4529 2
4530 2
4531 1
4532 1
4533 2
4534 1
4535 1
4536 1
4537 2
4539 1
4541 1
4543 2
4544 2
4545 1
4546 1
4547 1
4548 2
4550 1
4551 1
4553 1
4554 1
4555 2
4556 3
4557 1
4558 1
4559 1
4560 4
4561 2
4562 3
4563 3
4564 3
4566 1
4567 5
4568 2
4570 1
4571 3
4572 2
4574 3
4576 3
4577 1
4578 2
4579 2
4581 2
4583 2
4584 2
4585 1
4587 1
4589 1
4590 3
4591 2
4592 1
4595 4
4599 2
4601 1
4602 2
4605 1
4606 1
4607 2
4608 2
4610 1
4612 2
4613 1
4614 1
4615 1
4616 1
4617 4
4619 2
4623 2
4624 1
4627 1
4628 1
4630 2
4631 1
4632 1
4633 1
4634 2
4635 2
4637 3
4638 2
4639 1
4640 2
4644 3
4645 2
4648 1
4649 1
4650 1
4651 2
4655 1
4656 1
4658 2
4659 2
4660 1
4661 2
4663 1
4666 2
4667 4
4668 1
4669 2
4670 1
4671 1
4672 2
4674 2
4675 2
4676 4
4677 1
4679 2
4681 1
4682 1
4683 2
4685 1
4686 1
4689 1
4690 2
4691 2
4692 2
4693 1
4694 3
4696 2
4697 1
4698 1
4700 3
4701 1
4702 1
4704 1
4705 1
4706 2
4707 1
4710 1
4712 1
4714 1
4716 2
4718 2
4721 1
4722 1
4723 2
4724 1
4725 1
4726 2
4727 4
4730 1
4732 1
4733 1
4734 1
4736 1
4737 2
4738 2
4740 1
4742 1
4743 2
4744 1
4745 1
4747 2
4748 1
4751 2
4752 1
4754 2
4755 1
4761 2
4765 2
4767 2
4768 2
4769 2
4770 1
4771 3
4772 1
4775 2
4776 1
4781 1
4782 2
4785 1
4786 1
4788 1
4790 1
4791 2
4792 1
4795 4
4799 1
4800 1
4802 2
4805 1
4810 1
4811 2
4813 3
4814 2
4815 2
4817 1
4818 1
4819 2
4821 2
4822 2
4823 4
4824 2
4825 2
4826 1
4827 1
4828 1
4830 1
4831 1
4833 5
4834 2
4835 1
4838 2
4840 2
4845 1
4846 2
4848 1
4849 1
4851 1
4853 1
4854 4
4858 2
4860 1
4861 1
4863 1
4864 2
4867 2
4868 1
4869 1
4871 1
4873 1
4874 1
4875 1
4876 1
4877 2
4880 1
4881 1
4883 2
4886 1
4888 1
4890 1
4892 1
4893 2
4895 3
4898 1
4899 1
4902 2
4903 1
4904 1
4906 1
4908 2
4909 2
4911 2
4912 2
4914 1
4916 2
4920 1
4921 1
4922 1
4924 4
4925 1
4929 1
4930 2
4931 1
4932 1
4933 2
4935 1
4936 1
4939 3
4941 2
4944 1
4945 1
4949 1
4951 3
4955 1
4957 1
4958 1
4959 1
4961 1
4963 3
4965 1
4967 1
4968 2
4969 3
4970 1
4971 1
4974 1
4976 1
4977 3
4978 3
4979 1
4980 1
4981 2
4987 1
4991 3
4992 1
4996 1
5003 1
5005 3
5007 1
5008 2
5009 1
5010 1
5011 1
5015 1
5018 1
5021 1
5023 1
5030 1
5031 3
5033 2
5034 3
5036 1
5038 2
5039 1
5041 2
5042 2
5043 1
5044 1
5046 1
5047 1
5051 1
5052 1
5054 1
5055 1
5057 1
5058 1
5059 2
5061 2
5063 3
5065 2
5067 1
5068 1
5069 2
5073 2
5076 1
5077 3
5079 4
5080 1
5081 3
5082 2
5084 1
5085 1
5088 2
5090 1
5092 1
5093 2
5094 1
5097 1
5099 2
5102 1
5103 1
5105 2
5109 2
5110 3
5111 1
5120 1
5121 1
5123 1
5128 1
5130 1
5132 2
5133 1
5136 2
5137 1
5139 1
5141 1
5142 1
5143 1
5149 1
5150 2
5155 1
5157 1
5158 3
5160 2
5162 2
5163 1
5165 1
5166 1
5167 1
5173 1
5175 1
5179 1
5181 3
5182 2
5184 1
5185 1
5187 1
5188 1
5189 2
5191 2
5195 3
5199 1
5201 2
5202 2
5203 1
5204 1
5208 1
5210 1
5211 2
5212 1
5213 1
5216 1
5217 3
5219 1
5224 2
5225 1
5226 3
5228 1
5229 2
5232 2
5235 1
5236 1
5237 1
5238 2
5244 1
5246 1
5247 1
5250 1
5252 1
5254 1
5255 3
5256 1
5257 2
5262 1
5264 1
5267 1
5273 5
5274 1
5275 1
5276 2
5279 3
5280 2
5281 3
5283 2
5288 2
5290 1
5298 1
5299 1
5308 1
5311 2
5313 2
5315 1
5320 1
5321 2
5322 1
5325 1
5328 1
5332 2
5334 1
5338 1
5340 1
5341 1
5344 2
5345 1
5348 1
5349 1
5350 1
5351 1
5352 3
5356 1
5357 1
5359 2
5364 1
5367 1
5368 1
5370 1
5371 1
5372 1
5373 1
5374 2
5375 2
5379 1
5380 1
5383 1
5385 1
5386 3
5387 2
5388 2
5389 1
5391 1
5397 1
5399 2
5400 1
5401 1
5404 2
5406 2
5408 1
5410 2
5412 1
5415 1
5416 1
5417 1
5421 2
5424 1
5429 1
5431 1
5433 2
5440 1
5442 1
5446 1
5450 1
5457 1
5461 1
5464 1
5465 1
5471 1
5472 1
5477 1
5478 1
5481 1
5484 1
5486 1
5487 2
5488 1
5489 2
5491 2
5493 1
5495 1
5496 1
5501 1
5505 2
5508 1
5510 1
5513 2
5516 1
5517 1
5520 1
5523 1
5524 1
5530 2
5531 1
5534 2
5536 1
5538 1
5543 1
5545 1
5546 2
5549 1
5550 1
5554 1
5556 1
5557 1
5564 2
5567 1
5571 2
5573 1
5575 2
5577 1
5583 1
5587 1
5589 1
5590 1
5591 1
5592 2
5593 1
5594 1
5597 1
5601 1
5603 2
5608 2
5611 1
5612 1
5613 1
5618 1
5620 1
5621 2
5624 1
5626 1
5627 2
5629 1
5630 2
5631 3
5635 1
5638 1
5646 1
5647 1
5649 3
5655 1
5659 1
5662 1
5668 1
5671 1
5672 1
5674 2
5677 1
5678 1
5679 2
5683 3
5684 2
5687 2
5689 1
5691 1
5692 1
5694 1
5698 1
5701 1
5704 1
5707 3
5713 2
5714 2
5715 2
5718 1
5719 1
5721 2
5722 2
5726 3
5727 1
5730 2
5733 2
5734 1
5735 1
5737 1
5740 1
5741 2
5742 1
5745 1
5749 1
5750 1
5752 2
5753 1
5754 1
5755 1
5757 1
5758 1
5759 1
5760 1
5763 1
5765 1
5773 1
5776 1
5779 2
5782 1
5783 1
5786 2
5787 2
5789 2
5792 2
5796 1
5797 2
5801 1
5803 3
5807 1
5808 1
5809 1
5810 1
5813 1
5816 2
5818 2
5819 3
5821 1
5827 1
5830 1
5833 1
5836 2
5839 2
5840 1
5843 1
5850 1
5852 1
5854 2
5855 1
5858 1
5862 1
5863 2
5864 1
5869 1
5871 1
5875 1
5881 2
5882 1
5885 1
5886 2
5893 3
5894 1
5896 1
5897 1
5900 2
5901 2
5906 1
5908 1
5912 1
5916 1
5917 1
5922 1
5923 1
5926 1
5929 1
5931 2
5934 1
5938 1
5941 1
5945 1
5949 1
5950 1
5951 1
5952 2
5964 1
5965 1
5966 1
5974 1
5976 1
5977 1
5979 2
5980 1
5981 1
5985 1
5988 2
5989 2
5990 1
5992 1
5993 1
5994 1
5996 1
5998 1
6003 1
6006 1
6011 1
6012 1
6019 1
6020 1
6021 1
6024 1
6029 2
6030 1
6031 1
6035 1
6036 1
6037 1
6041 1
6042 1
6045 1
6049 1
6053 2
6057 2
6062 1
6074 2
6078 1
6082 1
6084 2
6086 1
6089 1
6094 1
6096 1
6101 1
6103 1
6104 1
6111 1
6113 1
6116 2
6119 1
6120 1
6121 1
6123 2
6126 1
6128 1
6130 1
6133 2
6136 2
6140 1
6141 1
6143 1
6144 2
6145 1
6147 1
6148 1
6149 1
6154 1
6161 1
6162 2
6166 1
6168 2
6170 1
6171 1
6182 1
6186 1
6187 1
6191 1
6194 1
6196 1
6200 1
6210 1
6211 2
6213 1
6217 1
6218 1
6219 1
6220 1
6223 1
6225 1
6233 1
6238 1
6243 1
6244 1
6246 1
6248 1
6249 1
6259 1
6261 1
6262 1
6263 1
6264 1
6267 1
6276 1
6282 1
6284 1
6295 1
6300 1
6301 1
6307 1
6308 1
6309 1
6310 1
6316 1
6319 1
6320 1
6321 2
6322 1
6324 1
6327 1
6328 1
6330 1
6334 1
6337 1
6345 2
6352 2
6356 2
6357 1
6359 1
6362 1
6372 1
6373 1
6381 2
6382 2
6387 1
6391 1
6395 1
6405 1
6408 1
6411 1
6412 1
6426 1
6431 1
6432 1
6436 1
6441 1
6450 1
6454 1
6455 1
6457 2
6458 1
6459 2
6462 1
6466 1
6474 1
6477 1
6479 1
6480 1
6484 1
6491 1
6502 1
6505 1
6507 1
6509 2
6511 1
6514 1
6519 1
6520 1
6530 1
6531 2
6535 1
6538 1
6547 1
6559 3
6561 1
6568 1
6569 1
6572 1
6577 2
6578 1
6598 1
6600 1
6608 1
6614 1
6616 1
6617 1
6623 2
6625 1
6631 1
6645 1
6646 1
6651 1
6662 2
6663 2
6668 1
6685 1
6686 1
6687 1
6688 1
6690 1
6693 1
6697 2
6704 1
6715 1
6718 1
6722 1
6723 1
6727 2
6733 1
6734 1
6741 1
6743 1
6745 2
6753 1
6755 1
6762 1
6765 1
6787 1
6806 1
6818 1
6820 1
6821 1
6825 1
6828 2
6829 1
6832 1
6837 1
6840 1
6842 2
6848 1
6853 1
6864 1
6872 1
6889 1
6890 1
6895 1
6897 1
6903 1
6915 2
6922 1
6923 1
6930 1
6941 1
6947 1
6949 1
6951 1
6959 1
6976 1
6977 1
6982 1
6988 1
7001 1
7003 1
7005 3
7023 1
7033 1
7036 1
7037 1
7039 2
7044 1
7065 1
7074 1
7075 1
7082 1
7090 1
7108 1
7110 1
7111 1
7119 1
7132 1
7136 1
7146 1
7158 1
7159 1
7169 1
7172 1
7175 2
7187 1
7190 1
7197 1
7200 1
7205 1
7218 1
7224 1
7225 1
7227 1
7233 2
7235 1
7251 1
7267 1
7279 1
7284 2
7285 1
7293 2
7299 1
7311 1
7313 1
7323 1
7329 1
7344 1
7345 1
7352 1
7353 1
7391 2
7418 2
7441 1
7445 1
7453 1
7463 1
7471 1
7474 1
7501 1
7502 1
7504 1
7506 1
7516 1
7528 1
7532 1
7543 1
7545 1
7555 1
7557 1
7558 1
7566 1
7604 1
7620 1
7623 1
7624 1
7650 1
7681 1
7682 1
7694 1
7699 2
7700 1
7706 1
7742 1
7770 1
7814 1
7836 1
7849 1
7855 1
7860 1
7869 1
7886 1
7888 1
7904 1
7909 1
7926 1
7931 1
7980 1
7990 2
7997 1
8005 1
8006 1
8008 1
8028 1
8055 1
8068 1
8070 1
8078 1
8105 1
8110 2
8153 1
8155 1
8177 1
8179 1
8206 1
8238 1
8243 1
8248 1
8261 1
8285 1
8297 1
8301 1
8324 1
8344 1
8355 1
8356 1
8377 1
8382 1
8392 1
8400 1
8407 1
8459 1
8472 1
8498 1
8501 1
8602 1
8605 1
8634 1
8636 1
8674 1
8717 1
8748 1
8762 1
8770 1
8776 1
8783 1
8797 1
8798 1
8835 1
8876 1
8890 1
8951 1
8967 1
9026 1
9086 1
9105 1
9176 1
9179 1
9198 1
9204 1
9209 1
9218 1
9267 1
9297 1
9324 1
9347 1
9372 1
9420 1
9449 1
9450 1
9463 1
9505 1
9624 1
9632 1
9727 1
9737 1
9787 1
9794 1
9823 1
9855 1
9867 1
9876 1
9952 1
9962 1
10204 1
10321 1
10447 1
10480 1
10527 1
10643 1
10671 1
11020 1
11140 1
11162 1
11177 1
11810 1
12001 1
12353 1
12402 1
12503 1
12840 1
13426 1
13436 1
14401 1
14568 1
